1.662749249788854078e-01
3.056389971251301407e+00
2.081482930036680390e+00
3.145058411702507328e+00
2.371506304177084967e+00
1.842071343464150690e+00
2.651853450322549488e+00
3.802135932416125463e+00
1.880856813153394480e+00
1.101526065093640039e+00
2.938234276413282942e+00
3.469172526001041312e+00
4.364817729289151238e+00
4.789201908491778070e+00
4.166880048696902428e+00
5.129019043931069888e+00
2.113395316501250065e-01
2.709438467337639711e+00
5.307085363856718807e+00
5.166919878350453299e-01
4.058623748886368787e+00
4.170538542442740138e+00
1.270598062070328327e+00
6.179023434487907807e+00
5.059701344474626161e+00
1.228863511245106982e-01
5.692534500218664029e+00
4.341398335747875592e+00
5.613322763552999639e+00
3.921787349161295122e+00
6.256652448977174652e-01
4.834778313322246390e+00
5.792694159908802654e+00
1.794802182441739502e+00
3.649375458854101417e+00
3.291440018636587528e+00
4.432805171913361875e+00
1.678163581049141040e-01
5.160517927728959897e+00
2.113395316501250065e-01
5.875757730878738094e+00
3.880370144147300859e+00
5.569979791277622994e+00
4.576731551005249088e+00
2.731465104506182850e+00
5.166919878350453299e-01
2.651853450322549488e+00
5.779735802974325765e+00
2.306817254520453275e+00
2.494023640059335190e+00
3.396526561195035487e+00
2.264284938108039658e+00
1.519943023341892019e-01
4.565858367930025530e+00
5.581154759215517736e+00
2.848389975131637719e+00
4.906068547854077089e+00
3.115140044533720065e+00
4.316906520083436227e+00
2.560018468673799230e+00
6.068194750650691915e+00
2.520650531628589874e-01
4.554465630546226329e+00
3.767106451179947912e-01
4.037313540561235037e+00
5.261277078311304756e+00
5.901056627609959193e+00
5.866863505999374340e+00
2.651006945781790858e+00
2.172478460039502401e+00
1.300856039425555499e+00
3.616355489068816986e+00
6.699735495483083447e-01
3.523730873255687790e+00
1.409249374810800592e+00
4.654301130942311460e+00
4.325100033935260768e+00
6.174184548135252193e+00
3.056389971251301407e+00
1.469817747339065228e+00
5.153605238426407498e-01
3.196730365271623686e+00
1.528989640040794962e+00
2.507489353321637804e+00
3.608558064991591152e+00
6.079179448798197605e+00
4.597685929856290876e+00
2.854542880673399896e+00
3.973489974796486468e+00
1.942936845241226784e+00
2.560018468673799230e+00
2.421657206957326114e+00
1.917566041908289054e-01
6.600693373430484012e-01
3.108446897352832305e+00
2.335956849543825986e-01
3.789923577096212970e+00
9.699614429319631803e-01
5.686842365561510348e+00
1.095356938158892068e-01
