0.8273
2.8761
4.8867
1.6243
3.2751
0.2113
6.1039
4.5922
4.5153
5.9016
5.4445
0.9387
5.4568
0.6593
2.9569
5.0155
1.4220
5.6925
5.7728
2.2279
6.0977
1.1867
0.2521
2.8672
5.3908
3.3085
5.7797
0.9280
5.6235
5.8489
5.6235
1.7249
1.0519
3.8177
2.3434
5.2772
4.3225
3.5717
4.5660
0.1138
1.2371
1.3699
2.9281
0.8237
4.5660
2.7034
0.3166
1.6152
5.4396
0.3182
3.1412
3.9867
5.3011
0.4547
5.4283
4.6333
5.0201
5.0156
0.4924
1.3577
6.0714
1.4453
1.7241
1.8211
6.1303
5.3703
6.1790
2.3967
2.8346
5.0015
4.3118
6.0792
5.8173
5.8836
1.5426
2.9623
0.0632
3.0720
6.0640
3.7625
2.1036
4.0901
1.8180
4.5574
6.1758
1.6090
4.3279
3.4246
5.1198
0.6453
4.7892
1.1757
5.3703
1.8992
0.3901
5.0156
2.8358
3.2019
3.1512
0.0632
