4.8882
3.0564
4.4399
2.9819
5.0287
4.0495
0.0775
5.0946
2.4855
0.9849
4.1174
3.4692
3.0835
5.7927
0.8004
5.7728
2.1224
1.5820
4.6910
6.1158
5.5837
4.1705
6.1617
5.8836
2.0246
1.6128
2.3967
5.0156
2.3787
4.0927
6.0682
4.8348
3.7906
0.4418
1.7136
3.8935
4.8503
0.3694
3.6914
5.2743
5.0155
3.8804
1.5887
3.0821
0.2580
1.5414
4.7668
3.1450
2.0163
3.7273
2.0445
2.2643
2.0366
5.9954
4.4053
1.1196
6.2637
3.6933
3.0782
1.9885
3.8358
0.2521
1.4453
5.8173
4.2904
4.1034
2.5075
4.2449
4.1307
6.1990
5.9111
3.6164
1.1946
0.2113
0.0787
4.1536
0.1678
5.8981
1.2174
1.3061
0.5154
3.1967
2.9211
1.0519
2.3961
5.2738
0.2109
4.8451
0.4929
5.6708
1.1357
2.4217
3.6563
3.9218
5.3138
2.1015
5.8449
3.7899
3.1879
3.8745
