3.056400000000000006e+00
4.439899999999999736e+00
2.981899999999999995e+00
5.028699999999999726e+00
4.049500000000000099e+00
7.749999999999999944e-02
5.094599999999999795e+00
2.485500000000000043e+00
9.848999999999999977e-01
4.117399999999999949e+00
3.469199999999999839e+00
3.083499999999999908e+00
5.792699999999999960e+00
8.004000000000000004e-01
5.772800000000000153e+00
2.122399999999999842e+00
1.582000000000000073e+00
4.690999999999999837e+00
6.115800000000000125e+00
5.583700000000000330e+00
4.170499999999999652e+00
6.161699999999999733e+00
5.883600000000000385e+00
2.024599999999999955e+00
1.612800000000000011e+00
2.396700000000000053e+00
5.015600000000000058e+00
2.378699999999999815e+00
4.092699999999999783e+00
6.068200000000000038e+00
4.834800000000000431e+00
3.790599999999999969e+00
4.418000000000000260e-01
1.713600000000000012e+00
3.893499999999999961e+00
4.850299999999999834e+00
3.694000000000000061e-01
3.691399999999999793e+00
5.274300000000000210e+00
5.015500000000000291e+00
3.880399999999999849e+00
1.588700000000000001e+00
3.082100000000000062e+00
2.580000000000000071e-01
1.541400000000000103e+00
4.766799999999999926e+00
3.145000000000000018e+00
2.016300000000000203e+00
3.727300000000000058e+00
2.044500000000000206e+00
2.264299999999999979e+00
2.036599999999999966e+00
5.995400000000000063e+00
4.405300000000000438e+00
1.119599999999999929e+00
6.263700000000000045e+00
3.693299999999999805e+00
3.078199999999999825e+00
1.988499999999999934e+00
3.835799999999999876e+00
