3.276999999999999913e-01
2.691000000000000059e-01
2.175999999999999879e-01
1.816000000000000114e-01
3.245999999999999996e-01
3.403999999999999804e-01
2.963999999999999968e-01
2.717999999999999861e-01
3.226999999999999869e-01
1.839000000000000079e-01
1.995000000000000107e-01
2.632999999999999785e-01
2.452999999999999903e-01
2.129000000000000059e-01
3.331999999999999962e-01
2.867000000000000104e-01
2.551999999999999824e-01
1.920999999999999930e-01
3.362999999999999878e-01
3.200000000000000067e-01
2.162000000000000033e-01
2.363999999999999990e-01
3.311000000000000054e-01
3.346999999999999975e-01
2.587999999999999745e-01
2.847999999999999976e-01
2.773999999999999799e-01
1.855999999999999872e-01
1.899000000000000132e-01
2.011999999999999900e-01
2.255999999999999950e-01
3.402000000000000024e-01
1.812000000000000000e-01
3.075999999999999845e-01
3.224000000000000199e-01
2.514000000000000123e-01
3.156999999999999806e-01
3.149000000000000132e-01
2.242999999999999994e-01
2.596999999999999864e-01
2.363999999999999990e-01
2.879999999999999782e-01
2.159000000000000086e-01
2.228999999999999870e-01
2.713999999999999746e-01
2.020000000000000129e-01
2.059999999999999887e-01
3.184000000000000163e-01
2.761000000000000121e-01
2.146000000000000130e-01
2.144999999999999962e-01
1.749999999999999889e-01
2.078000000000000125e-01
1.786999999999999977e-01
2.479000000000000092e-01
1.857000000000000040e-01
3.350000000000000200e-01
3.411000000000000143e-01
3.178000000000000269e-01
2.706000000000000072e-01
