 0.2618 3.0564
 0.2618 4.4399
 0.2618 2.9819
 0.2618 5.0287
 0.2618 4.0495
 0.2618 0.0775
 0.2618 5.0946
 0.2618 2.4855
 0.2618 0.9849
 0.2618 4.1174
 0.2618 3.4692
 0.2618 3.0835
 0.2618 5.7927
 0.2618 0.8004
 0.2618 5.7728
 0.2618 2.1224
 0.2618 1.5820
 0.2618 4.6910
 0.2618 6.1158
 0.2618 5.5837
 0.2618 4.1705
 0.2618 6.1617
 0.2618 5.8836
 0.2618 2.0246
 0.2618 1.6128
 0.2618 2.3967
 0.2618 5.0156
 0.2618 2.3787
 0.2618 4.0927
 0.2618 6.0682
 0.2618 4.8348
 0.2618 3.7906
 0.2618 0.4418
 0.2618 1.7136
 0.2618 3.8935
 0.2618 4.8503
 0.2618 0.3694
 0.2618 3.6914
 0.2618 5.2743
 0.2618 5.0155
 0.2618 3.8804
 0.2618 1.5887
 0.2618 3.0821
 0.2618 0.2580
 0.2618 1.5414
 0.2618 4.7668
 0.2618 3.1450
 0.2618 2.0163
 0.2618 3.7273
 0.2618 2.0445
 0.2618 2.2643
 0.2618 2.0366
 0.2618 5.9954
 0.2618 4.4053
 0.2618 1.1196
 0.2618 6.2637
 0.2618 3.6933
 0.2618 3.0782
 0.2618 1.9885
 0.2618 3.8358
